598.0 18.111 24.489 0.03 3.0 20.0 11.01 10.9 23.99 7.79
17.0 0.117 0.023 0.0 0.0 443.0 0.47 1.1 2.13 0.71
116.0 0.586 0.234 0.0 30.0 50.0 0 0.0 0.0 25.51
214.0 5.36 7.14 0.0 36.0 1393.0 0 3.6 0.0 21.43
42.0 0.218 0.012 0 0.0 0.0 0.0 3.6 7.05 0.5
50.0 0.0 0 0 0 2.0 0.41 0 11.67 0.0
27.0 0.154 0.036 0 0.0 127.0 0 3.2 3.78 1.05
53.0 1.234 0.206 0.0 0.0 41.0 2.06 0.0 5.76 2.47
357.0 1.79 0.0 0.0 0.0 0.0 66.04 3.6 3.57 12.5
72.0 0.083 0.017 0.0 0.0 12.0 5.73 3.2 7.87 2.5
31.0 0.11 0.09 0.0 0.0 52.0 0.27 3.1 3.93 1.24
34.0 0.031 0.049 0.0 3.0 41.0 0 0.0 5.05 3.43
20.0 0.068 0.012 0.0 0.0 179.0 0.93 2.1 1.1 1.88
23.0 0.506 0.014 0.0 0.0 46.0 0 2.8 0.87 2.13
91.0 0.215 0.075 0.0 0.0 138.0 9.42 6.9 0.23 6.03
247.0 0.895 0.345 0.0 0.0 10.0 25.32 53.1 2.17 3.99
43.0 0.179 0.081 0.0 0.0 8.0 1.3 1.7 7.82 0.47
1.0 0 0.0 0.0 0.0 1.0 0 0.0 0.0 0.22
0.0 0.0 0 0 0 0.0 0.0 0 0 0.0
83.0 1.05 0.12 0.0 0.0 3.0 1.03 4.0 13.67 1.67
60.0 0.288 0.092 0.0 0.0 1.0 0 1.6 13.66 0.82
53.0 0 0.0 0.0 0.0 0.0 0.84 2.7 10.62 0.0
81.0 0.329 0.071 0.0 0.0 5.0 3.08 5.7 5.67 5.42
384.0 4.837 1.043 0.0 0.0 4.0 61.94 9.4 1.56 9.85
143.0 6.384 3.126 0.0 372.0 142.0 0.35 0.0 0.37 12.56
40.0 0.697 0.163 0.0 0.0 1.0 8.84 2.6 0.0 3.21
53.0 0.261 0.079 0.0 0.0 60.0 5.26 5.7 0.99 2.89
74.0 0.24 0.06 0.0 0.0 1.0 0.02 2.9 16.26 0.75
46.0 0.263 0.017 0.0 0.0 0.0 0.1 1.4 9.92 0.7
312.0 1.356 1.838 0.056 0.0 27.0 41.23 22.7 3.21 9.68
74.0 0.24 0.06 0.0 0.0 1.0 0.02 2.9 16.26 0.75
57.0 0.302 0.028 0.0 0.0 1.0 2.13 2.4 9.96 0.74
25.0 0.574 0.086 0.0 0.0 27.0 0 1.6 2.05 2.58
41.0 0.326 0.084 0.0 0.0 10.0 2.03 3.8 2.03 3.78
560.0 39.413 5.907 0.0 0.0 1.0 8.91 10.6 7.66 20.16
158.0 7.0 2.04 0.0 60.0 90.0 0 0.0 0.0 17.96
35.0 1.312 0.178 0.0 0.0 53.0 0 4.1 0.8 2.92
72.0 0.083 0.017 0.0 0.0 12.0 5.73 3.2 7.87 2.5
298.0 8.7 11.7 0.0 65.0 699.0 2.63 0.0 1.81 23.7
40.0 0.41 0.66 0.0 4.0 148.0 0 0.0 4.79 3.31
43.0 0.143 0.027 0.0 0.0 78.0 0.0 2.8 6.76 1.61
579.0 46.128 3.802 0.0 0.0 1.0 4.7 12.5 4.35 21.15
19.0 0.177 0.093 0.0 0.0 2.0 0 1.0 2.88 1.01
356.0 2.22 0.0 0.0 0.0 0.0 75.58 2.2 0.0 8.89
44.0 2.22 0.89 0.0 2.0 146.0 1.64 0.6 1.9 0.75
15.0 0.88 0.08 0.0 0.0 72.0 0.3 0.2 0.81 0.4
195.0 7.98 3.4 0.0 0.0 14.0 7.62 0.0 0.0 19.91
63.0 2.315 0.885 0 2.0 162.0 2.72 3.0 2.65 2.09
364.0 9.201 20.639 0.0 79.0 415.0 0 0.0 0.12 21.58
598.0 18.111 24.489 0.03 3.0 20.0 11.01 10.9 23.99 7.79
88.0 0 0.0 0.0 0.0 23.0 2.08 0.0 14.95 0.49
884.0 92.635 7.365 0.0 0.0 0.0 0 0.0 0.0 0.0
57.0 0.118 0.022 0.0 0.0 1.0 2.38 3.1 9.75 0.36
465.0 35.12 17.88 0.0 54.0 581.0 0 0.0 0.0 0.0
116.0 0.586 0.234 0.0 30.0 50.0 0 0.0 0.0 25.51
101.0 1.213 0.467 0.0 0.0 9.0 10.45 14.0 0.0 5.56
1.0 0 0.002 0.0 0.0 3.0 0.3 0.0 0.0 0.0
41.0 0.208 0.032 0.0 0.0 69.0 2.04 2.8 4.74 0.93
43.0 0.382 0.568 0.0 5.0 39.0 0.23 0.0 4.96 3.38
554.0 35.72 7.14 0.0 0.0 11.0 21.4 3.6 7.14 17.86
92.0 1.247 0.223 0 0.0 361.0 15.1 1.4 1.21 1.81
16.0 0.068 0.032 0.0 0.0 39.0 0 1.6 1.86 0.68
97.0 1.61 2.42 0.0 24.0 89.0 0 0.0 4.84 8.06
50.0 0.111 0.009 0.0 0.0 1.0 1.87 1.4 9.85 0.54
84.0 1.04 1.26 0.0 12.0 321.0 0.21 0.0 4.1 11.0
160.0 12.534 2.126 0.0 0.0 7.0 1.17 6.7 0.66 2.0
43.0 0.476 0.014 0.0 0.0 1.0 0 5.3 4.88 1.39
340.0 2.07 0.43 0.0 0.0 2.0 60.86 10.7 0.41 13.21
159.0 1.261 0.239 0.0 0.0 6.0 26.06 4.6 0.85 5.82
17.0 0.117 0.023 0.0 0.0 443.0 0.47 1.1 2.13 0.71
36.0 0.658 0.132 0.0 0.0 56.0 2.18 3.3 0.85 2.97
250.0 0.0 0.0 0 0.0 12.0 21.93 6.2 31.25 3.12
16.0 0.421 0.179 0.0 0.0 30.0 1.07 0.0 0.13 2.0
579.0 46.113 3.802 0.015 0.0 1.0 4.7 12.5 4.35 21.15
8.0 0.0 0.0 0 0.0 5.0 1.67 0.0 2.08 0.0
697.0 66.405 6.405 0.0 0.0 0.0 0.29 9.3 3.85 8.9
451.0 10.939 19.051 0.0 79.0 63.0 2.85 0.0 0.85 41.6
11.0 0.073 0.027 0.0 0.0 41.0 0.59 0.5 0.2 2.3
89.0 0.218 0.112 0.0 0.0 1.0 8.01 2.6 12.23 1.09
20.0 0.08 0.04 0.0 0.0 2.0 0 2.1 1.88 2.2
25.0 0.15 0.13 0.0 0.0 30.0 1.06 2.0 1.91 1.92
6.0 0 0.0 0.0 0.0 50.0 0.43 0.4 0.42 0.42
300.0 0 0.0 0.0 0.0 0.0 5.0 0.0 80.0 0.0
120.0 1.689 0.231 0.0 0.0 7.0 17.63 2.8 0.87 4.4
884.0 91.004 8.976 0 0.0 0.0 0.0 0.0 0.0 0.11
46.0 0.122 0.008 0.0 0.0 2.0 4.1 3.6 4.27 0.46
85.0 1.049 0.231 0.0 0.0 90.0 10.67 1.9 4.05 2.35
109.0 3.073 1.207 0 3.0 188.0 8.97 2.4 5.45 1.31
884.0 88.44 11.56 0.0 0.0 0.0 0 0.0 0.0 0.0
166.0 5.489 2.76 0.081 64.0 47.0 0 0.0 0.0 21.34
508.0 34.251 1.989 0.0 0.0 13.0 9.1 12.2 6.79 26.08
343.0 0.0 0.0 0.0 0.0 29.0 31.44 25.7 2.86 22.86
17.0 0.236 0.084 0.0 0.0 8.0 0 1.0 2.5 1.21
370.0 0 0.0 0.0 0.0 9.0 68.5 2.5 4.0 12.0
14.0 0.128 0.042 0.0 0.0 80.0 0.03 1.6 1.34 0.69
112.0 0.131 0.029 0.0 0.0 5.0 21.72 1.4 0.1 3.79
60.0 1.539 0.321 0.0 19.0 145.0 0.49 1.0 1.82 7.55
344.0 1.655 0.405 0.0 0.0 2.0 66.86 12.4 0.92 11.58
352.0 0.906 0.154 0.0 0.0 6.0 50.62 10.7 2.03 24.63
70.0 0.105 0.035 0.0 0.0 18.0 12.91 1.7 1.29 1.89
56.0 0.064 0.116 0.0 2.0 77.0 0 0.0 7.68 5.73
140.0 0.522 0.098 0.0 0.0 0.0 15.18 10.5 0.37 8.23
19.0 0.0 0.0 0.0 0.0 267.0 0.04 0.8 3.33 0.83
23.0 0.599 0.041 0.0 0.0 4.0 0.75 1.6 0.3 3.15
120.0 2.313 1.181 0.036 65.0 52.0 0.0 0.0 0.0 20.65
265.0 2.729 1.551 0.0 0.0 25.0 22.33 42.5 4.09 9.0
85.0 0 0.0 0.0 0.0 4.0 1.99 0.0 0.62 0.07
117.0 1.545 1.032 0.113 55.0 55.0 0 0.0 0.0 23.07
286.0 0 0.0 0.0 0.0 71.0 14.27 14.3 28.57 14.29
48.0 0.8 0.0 0.0 0.0 112.0 3.2 1.6 5.6 0.8
23.0 0.327 0.063 0.0 0.0 79.0 1.01 2.2 0.42 2.86
82.0 1.88 0.47 0.0 0.0 9.0 2.33 1.2 0.0 10.59
333.0 0.71 0.12 0.0 0.0 24.0 32.88 24.9 2.23 23.58
333.0 1.67 0.0 0.0 0.0 0.0 60.0 10.0 0.0 13.33
349.0 0.39 0.0 0.0 0.0 298.0 18.45 13.0 45.61 14.26
122.0 0.347 0.093 0.0 0.0 187.0 24.01 3.8 0.28 2.25
131.0 3.022 2.838 0.0 0.0 26.0 6.6 14.1 0.0 3.31
187.0 6.101 1.039 0.0 0.0 234.0 15.31 7.4 1.64 7.38
26.0 0.241 0.059 0.0 0.0 4.0 0 2.1 4.2 0.99
82.0 0 0.0 0.0 0.0 5.0 1.64 0.0 0.96 0.07
15.0 0.88 0.08 0.0 0.0 72.0 0.3 0.2 0.81 0.4
85.0 0.405 0.101 0.004 161.0 119.0 0 0.0 0.0 20.1
122.0 0.347 0.093 0.0 0.0 187.0 24.01 3.8 0.28 2.25
372.0 5.0 1.6 0.0 0.0 497.0 58.6 10.1 4.5 12.4
25.0 0.066 0.034 0.0 0.0 18.0 0.1 2.5 3.2 1.28
30.0 0.134 0.016 0.0 0.0 1.0 0.95 0.4 6.2 0.61
44.0 2.22 0.89 0.0 2.0 146.0 1.64 0.6 1.9 0.75
318.0 14.01 3.26 0.0 0.0 30.0 19.09 27.2 10.34 12.01
40.0 0.058 0.042 0.0 0.0 4.0 3.4 1.7 4.24 1.1
208.0 9.922 1.528 0.0 142.0 307.0 0 0.0 0.0 24.62
196.0 8.189 1.181 0.0 0.0 212.0 10.38 7.1 4.16 7.89
46.0 0.122 0.008 0.0 0.0 2.0 4.1 3.6 4.27 0.46
189.0 8.986 2.924 0.0 62.0 89.0 0 0.0 0.0 19.08
88.0 1.76 4.71 0.0 6.0 32.0 0.59 0.0 2.94 4.71
44.0 0.295 0.025 0.0 0.0 0.0 0.96 1.7 7.89 1.06
0.0 0.0 0 0 0.0 0.0 125.0 0 0.0 0.0
375.0 20.735 1.535 0.0 0.0 168.0 31.49 10.5 2.25 17.81
43.0 0.0 0.0 0.0 0.0 174.0 0.0 0.0 0.0 10.87
691.0 65.79 6.18 0 0.0 0.0 0.29 9.6 3.97 9.17
52.0 0.142 0.028 0.0 0.0 1.0 1.02 2.4 10.39 0.26
109.0 0.318 0.172 0.0 39.0 45.0 0 0.0 0.0 24.4
16.0 0.165 0.025 0.0 0.0 42.0 2.28 0.9 0 1.16
343.0 0 0.0 0.0 0.0 29.0 31.44 25.7 2.86 22.86
379.0 5.41 1.11 0.0 0.0 6.0 56.61 10.1 0.99 13.15
25.0 0.146 0.034 0.0 0.0 2.0 0 3.0 3.53 0.98
312.0 1.356 1.838 0.056 0.0 27.0 41.23 22.7 3.21 9.68
24.0 0.259 0.041 0.0 0.0 11.0 0.25 1.5 3.56 1.2
43.0 0.179 0.081 0.0 0.0 8.0 1.3 1.7 7.82 0.47
47.0 0.97 0.0 0.0 0.0 39.0 3.59 0.3 5.28 0.28
254.0 2.818 0.732 0.0 0.0 450.0 32.69 6.0 4.41 12.3
371.0 2.38 0.48 0.0 0.0 371.0 64.39 11.4 5.71 11.43
520.0 28.24 5.76 0.0 0.0 540.0 21.17 5.2 9.28 25.9
56.0 0.064 0.116 0.0 2.0 77.0 0 0.0 7.68 5.73
316.0 7.808 12.602 0.0 76.0 628.0 2.41 0.0 0.26 27.35
81.0 0.329 0.071 0.0 0.0 5.0 3.08 5.7 5.67 5.42
13.0 0.173 0.027 0.0 0.0 65.0 0.0 1.0 1.18 1.5
26.0 0.048 0.052 0.0 0.0 1.0 3.24 0.5 2.76 1.0
58.0 0.411 0.029 0.0 0.0 5.0 2.01 3.0 8.99 1.06
58.0 0.245 0.035 0.0 0.0 71.0 11.62 0.6 0.25 1.12
94.0 3.283 0.567 0.0 0.0 350.0 5.68 3.4 3.53 3.08
141.0 0 0.0 0.0 18.0 743.0 0.22 1.8 1.48 31.7
113.0 0.662 0.198 0.0 0.0 8.0 13.79 4.9 1.48 6.84
26.0 0.048 0.052 0 0.0 1.0 3.24 0.5 2.76 1.0
508.0 34.251 1.989 0.0 0.0 13.0 9.1 12.2 6.79 26.08
62.0 2.259 0.951 0 2.0 203.0 0.34 3.5 4.48 1.42
43.0 0.238 0.062 0.0 0.0 25.0 2.95 3.8 2.2 3.38
177.0 6.031 1.739 0.0 74.0 380.0 0 0.0 0.0 25.08
2.0 0.0 0.0 0.0 0.0 58.0 0.0 0.0 0.42 0.42
33.0 0 0.0 0.0 0.0 183.0 3.33 0.0 0.0 0.0
43.0 0.179 0.081 0 0.0 8.0 1.3 1.7 7.82 0.47
17.0 0.236 0.084 0.0 0.0 8.0 0 1.0 2.5 1.21
52.0 0.631 0.019 0.0 0.0 1.0 1.02 6.5 4.42 1.2
534.0 38.497 3.663 0.0 0.0 30.0 0.03 27.3 1.55 18.29
582.0 44.581 5.219 0.0 0.0 3.0 10.24 11.1 2.73 19.33
246.0 5.702 1.328 0 0.0 4.0 49.37 15.4 1.45 17.3
80.0 0.547 0.203 0.0 0.0 13.0 14.07 2.0 1.7 1.82
500.0 0.0 0.0 0.0 0.0 0.0 50.0 0.0 0.0 0.0
86.0 0.032 0.018 0.0 0.0 55.0 12.94 3.0 4.18 1.57
43.0 1.06 0.06 0.0 0.0 61.0 4.92 2.1 0.0 3.46
311.0 1.8 0.4 0.0 0.0 177.0 30.59 20.1 16.5 24.89
32.0 0.285 0.015 0.0 0.0 1.0 0.79 2.0 4.89 0.67
22.0 0.29 0.05 0.0 0.0 5.0 0.28 1.0 1.98 3.09
32.0 0.555 0.055 0.0 0.0 17.0 0.96 4.0 0.46 3.02
46.0 0.108 0.022 0.0 0.0 4.0 1.48 0.2 9.62 0.1
53.0 1.234 0.206 0.0 0.0 41.0 2.06 0.0 5.76 2.47
120.0 1.689 0.231 0.0 0.0 7.0 17.63 2.8 0.87 4.4
180.0 8.945 3.414 0.181 78.0 54.0 0 0.0 0.0 16.9
353.0 1.8 0.5 0.0 0.0 732.0 58.0 10.1 15.2 8.3
160.0 12.534 2.126 0.0 0.0 7.0 1.17 6.7 0.66 2.0
534.0 38.497 3.663 0.0 0.0 30.0 0.03 27.3 1.55 18.29
299.0 0.156 0.094 0.0 0.0 26.0 9.64 4.5 65.18 3.3
370.0 3.2 0.89 0 0.0 401.0 51.5 8.7 21.2 8.3
97.0 1.61 2.42 0.0 24.0 89.0 0 0.0 4.84 8.06
343.0 0 0.0 0.0 0.0 29.0 31.44 25.7 2.86 22.86
28.0 0.075 0.025 0.0 0.0 9.0 0 0.9 5.69 1.11
884.0 86.192 13.808 0.0 0.0 2.0 0 0.0 0.0 0.0
884.0 85.8 14.2 0.0 0.0 0.0 0 0.0 0.0 0.0
260.0 15.351 2.429 0.0 0.0 481.0 11.05 5.9 2.91 8.18
47.0 0.105 0.015 0.0 0.0 0.0 0.0 2.4 9.35 0.94
40.0 0.41 0.66 0.0 4.0 148.0 0 0.0 5.36 3.31
46.0 0.108 0.022 0.0 0.0 4.0 1.48 0.2 9.62 0.1
206.0 8.105 2.515 0.0 95.0 329.0 0 0.0 0.0 25.72
56.0 0.111 0.029 0.0 0.0 4.0 10.18 4.4 0.0 1.12
188.0 9.38 2.23 0.0 76.0 250.0 0 0.0 0.89 18.75
30.0 0.178 0.022 0.0 0.0 2.0 6.05 2.8 1.69 0.7
480.0 27.0 3.0 0.0 0.0 160.0 2.0 6.0 22.0 24.0
52.0 0.631 0.019 0 0.0 1.0 1.02 6.5 4.42 1.2
124.0 0.076 0.014 0.0 0.0 4.0 13.11 9.3 0 9.13
334.0 6.005 1.035 0.0 0.0 282.0 52.37 9.0 0.5 11.28
1.0 0.018 0.002 0.0 0.0 2.0 0 0.0 0.0 0.12
364.0 2.73 0.0 0.0 0.0 218.0 59.95 5.5 1.82 16.36
69.0 0.106 0.054 0.0 0.0 2.0 1.72 0.9 15.48 0.72
23.0 0.599 0.041 0.0 0.0 4.0 0.75 1.6 0.3 3.15
179.0 1.796 3.304 0 35.0 199.0 2.07 0.0 1.33 28.4
50.0 0.42 0.62 0.0 6.0 162.0 0.42 0.0 5.83 4.17
310.0 4.882 4.878 0.0 0.0 617.0 33.65 9.8 2.44 9.76
333.0 0.71 0.12 0.0 0.0 24.0 32.88 24.9 2.23 23.58
344.0 1.655 0.405 0.0 0.0 2.0 66.86 12.4 0.92 11.58
357.0 1.79 0.0 0.0 0.0 0.0 66.04 3.6 3.57 12.5
15.0 0.13 0.02 0 0.0 28.0 0.79 1.3 0.78 1.36
334.0 6.005 1.035 0.0 0.0 282.0 52.37 9.0 0.5 11.28
19.0 0 0.0 0.0 0.0 4.0 0.41 0.0 4.17 0.0
718.0 63.709 12.061 0.0 0.0 5.0 0.65 8.6 4.57 7.91
149.0 0.411 0.089 0.0 0.0 17.0 29.96 2.1 1.0 6.36
25.0 0.15 0.13 0.0 0.0 30.0 1.06 2.0 1.91 1.92
387.0 2.94 0.56 0.0 0.0 252.0 77.1 3.0 0.0 8.5
146.0 12.5 1.79 0.0 0.0 179.0 0 3.6 0.0 0.0
34.0 0.129 0.051 0.0 0.0 30.0 0 0.8 7.88 0.82
53.0 0 0.0 0.0 0.0 0.0 0.84 2.7 10.62 0.0
26.0 0.241 0.059 0.0 0.0 4.0 0 2.1 4.2 0.99
63.0 0.162 0.038 0.0 0.0 0.0 1.09 2.1 12.82 1.06
282.0 10.75 2.14 0.0 0.0 68.0 8.75 34.9 10.34 14.14
62.0 0.791 0.109 0.0 0.0 153.0 11.6 0 0 5.25
365.0 1.92 0.0 0.0 0.0 0.0 63.48 9.6 0.0 11.54
19.0 0.177 0.093 0.0 0.0 2.0 0 1.0 2.88 1.01
51.0 1.31 0.17 0.0 2.0 30.0 0.76 1.8 5.5 1.41
99.0 0.371 0.119 0.0 0.0 6.0 25.31 0 0 1.82
96.0 1.115 0.585 0.0 50.0 52.0 0 0.0 0.0 20.08
47.0 0.97 0.0 0.0 0.0 39.0 3.59 0.3 5.28 0.28
18.0 0.172 0.028 0.0 0.0 5.0 0.06 1.2 2.63 0.88
697.0 66.405 6.405 0.0 0.0 0.0 0.29 9.3 3.85 8.9
240.0 0.292 0.088 0.0 0.0 2.0 18.65 7.1 38.13 2.18
260.0 0.053 0.007 0.0 0.0 12.0 6.58 0.0 60.46 0.04
250.0 2.5 0.0 0.0 0.0 0.0 2.5 5.0 45.0 5.0
14.0 0.121 0.019 0.0 0.0 19.0 0.34 1.2 1.38 1.13
378.0 5.437 0.603 0.0 0.0 24.0 40.05 12.2 10.7 20.47
42.0 0.251 0.019 0.0 0.0 13.0 0.21 1.5 8.39 0.91
42.0 0.161 0.039 0.0 0.0 4.0 0.95 2.6 4.0 2.8
43.0 0.363 0.027 0.0 0.0 10.0 0.0 1.7 8.1 1.44
298.0 8.7 11.7 0.0 65.0 699.0 2.63 0.0 1.81 23.7