536.0 30.35 5.36 0.0 0.0 1071.0 39.26 3.6 3.57 7.14
414.0 2.7 9.0 3.3 0.0 260.0 20.5 1.5 40.0 7.0
500.0 15.91 6.82 0.0 0.0 318.0 36.36 0.0 31.82 4.55
236.0 8.69 3.12 0.0 28.0 569.0 19.42 2.8 4.17 6.94
58.0 0.22 0.0 0.0 0.0 16.0 0.44 0.0 12.26 0.34
375.0 9.38 8.59 0.0 4.0 211.0 25.76 0.8 22.66 3.12
413.0 9.0 2.1 0.0 0.0 555.0 35.6 4.7 35.3 6.8
46.0 0 0.0 0.0 0.0 29.0 0 0.0 12.92 0.0
500.0 25.0 13.89 0.0 83.0 1833.0 5.56 0.0 0.0 27.78
229.0 9.29 5.0 0.0 50.0 600.0 0.73 0.7 12.14 11.43
464.0 17.86 3.57 0.0 0.0 1250.0 53.54 3.6 3.57 7.14
223.0 4.287 2.183 0.0 37.0 466.0 16.55 0.9 9.05 13.66
421.0 13.16 7.89 0.0 0.0 193.0 22.82 3.5 33.33 5.26
452.0 13.961 12.649 0.0 5.0 305.0 21.7 1.2 25.7 4.45
571.0 30.35 5.36 0.0 0.0 500.0 46.4 3.6 3.57 7.14
275.0 7.77 6.22 0.0 34.0 782.0 20.74 0.5 4.15 11.4
404.0 14.74 3.85 0.0 45.0 327.0 24.34 1.3 30.13 3.85
209.0 7.27 4.7 0.0 9.0 299.0 15.79 1.3 2.14 5.98
225.0 5.63 2.82 0.0 28.0 704.0 21.14 1.4 5.63 11.27
377.0 18.87 14.15 0.0 71.0 1934.0 4.72 0.0 0.0 28.3
230.0 3.98 3.1 0.0 0.0 221.0 17.68 0.9 21.24 1.77
226.0 8.398 3.972 0.0 33.0 342.0 11.83 1.5 4.0 11.34
43.0 0 0.0 0.0 0.0 10.0 0 0.0 11.86 0.0
319.0 9.42 3.62 0.0 29.0 435.0 21.79 1.4 23.19 4.35
245.0 9.6 7.95 0.33 63.0 490.0 3.97 0.0 0.0 17.88
452.0 19.35 3.23 0.0 0.0 1129.0 45.14 9.7 0.0 6.45
252.0 6.144 3.93 0.156 20.0 378.0 20.75 2.2 7.73 9.32
357.0 3.57 3.57 0.0 0.0 357.0 28.57 0.0 50.0 0.0
257.0 7.15 7.14 0.0 29.0 121.0 4.31 1.4 22.86 4.29
182.0 4.469 2.595 0.276 82.0 349.0 0.14 0.0 0.0 28.9
219.0 9.029 6.341 0.0 69.0 359.0 1.49 0.0 0.09 17.29
350.0 0.0 0 0 0 100.0 22.5 0 70.0 0.0
367.0 0 0.0 0.0 0.0 100.0 20.0 0.0 70.0 0.0
77.0 0.727 0.723 0.0 3.0 306.0 8.62 1.3 3.72 2.48
158.0 5.27 5.26 0.0 26.0 491.0 3.51 0.0 1.75 8.77
453.0 16.04 6.6 0.0 38.0 255.0 11.32 0.0 45.28 1.89
884.0 50.7 49.3 0.0 0.0 0.0 0 0.0 0.0 0.0
364.0 13.63 7.58 0.0 30.0 848.0 33.33 0.0 0.0 12.12
539.0 29.029 4.331 0.0 0.0 514.0 53.0 4.0 0.27 6.17
413.0 9.0 2.1 0.0 0.0 555.0 35.6 4.7 35.3 6.8
571.0 33.93 5.36 0.0 0.0 893.0 42.83 3.6 0.0 3.57
383.0 9.37 9.38 0.0 0.0 219.0 30.43 1.6 21.09 2.34
350.0 0 0.0 0.0 0.0 0.0 10.0 5.0 72.5 0.0
515.0 19.8 10.73 0.0 6.0 357.0 4.59 3.6 47.17 10.24
304.0 9.42 5.07 0.0 29.0 899.0 21.78 1.4 8.7 11.59
172.0 5.041 2.669 0 28.0 384.0 9.71 1.5 2.96 11.26
456.0 5.214 12.016 0.0 9.0 167.0 10.48 1.0 59.69 4.01
220.0 7.241 4.149 0.0 21.0 365.0 21.25 0.8 0.0 7.25
0.0 0 0.0 0.0 0.0 39333.0 0 0.0 0.0 0.0
393.0 23.21 12.5 0.0 89.0 1429.0 0 0.0 0.0 17.86
414.0 10.1 12.12 0.0 0.0 313.0 26.28 2.0 21.21 5.05
398.0 13.064 5.226 0.0 0.0 500.0 21.66 2.6 31.36 2.61
393.0 23.21 12.5 0.0 89.0 1429.0 0 0.0 0.0 17.86
229.0 8.0 3.0 0.0 0.0 392.0 23.0 1.0 2.0 6.0
384.0 2.535 0.391 0.004 0.0 1240.0 74.78 3.4 2.21 10.04
254.0 7.39 3.17 0.0 14.0 444.0 26.07 1.4 0.7 9.15
171.0 9.358 3.752 0 347.0 286.0 0.38 0.0 0.34 11.72
303.0 7.6 14.4 0.0 80.0 1499.0 1.7 0.0 8.1 16.3
44.0 0 0.0 0.0 0.0 18.0 0.16 0.0 11.68 0.0
268.0 12.5 8.93 0.0 54.0 679.0 3.57 0.0 0.0 10.71
429.0 10.71 0.0 0.0 0.0 1143.0 57.12 3.6 7.14 10.71
290.0 12.5 2.82 0.0 8.0 685.0 26.63 3.2 3.23 4.84
527.0 22.6 8.6 0.0 0.0 482.0 50.9 2.4 4.3 4.5
33.0 0 0.0 0.0 0.0 4.0 0 0.0 8.75 0.0
239.0 7.45 4.71 0.0 14.0 502.0 22.72 1.2 1.18 7.45
271.0 13.924 2.327 0.049 0.0 580.0 25.22 2.8 0.54 2.48
293.0 7.77 5.56 0.37 35.0 967.0 23.01 0.7 3.33 14.44
539.0 29.029 4.331 0.0 0.0 514.0 53.0 4.0 0.27 6.17
263.0 6.613 3.567 0.0 29.0 487.0 21.82 1.8 5.95 13.3
281.0 8.63 5.76 0.0 25.0 446.0 25.22 1.4 1.44 10.07
309.0 10.08 6.47 0.0 32.0 475.0 23.06 1.4 4.32 12.23
236.0 13.123 2.337 0.0 0.0 421.0 21.82 2.3 0.28 1.9
362.0 12.07 3.45 0.0 0.0 397.0 22.38 5.2 15.52 12.07
483.0 20.0 13.33 0.0 0.0 450.0 19.97 1.7 20.0 5.0
323.0 10.0 3.85 0.0 15.0 1231.0 35.42 1.5 4.62 7.69
414.0 10.1 12.12 0.0 0.0 313.0 26.28 2.0 21.21 5.05
308.0 15.046 3.843 0.011 58.0 897.0 27.19 0.7 0.1 7.84
464.0 16.07 8.93 0.0 125.0 2429.0 0.0 0.0 14.29 39.29
282.0 4.42 6.47 0.29 21.0 129.0 8.21 1.2 34.71 1.18
49.0 0 0.0 0.0 0.0 13.0 0 0.0 13.11 0.0
274.0 1.61 0.81 0.0 52.0 382.0 37.11 1.6 14.52 6.45
349.0 2.18 4.37 0.0 0.0 175.0 30.57 0.0 48.03 0.0
402.0 14.39 6.82 0.0 68.0 280.0 8.35 1.5 40.15 4.55
43.0 0 0.0 0.0 0.0 39.0 0.01 0.0 10.22 0.46
229.0 7.65 5.29 0.0 100.0 565.0 12.93 0.6 0.59 13.53
88.0 1.25 2.08 0.0 12.0 88.0 0.01 0.4 10.42 3.33
200.0 5.0 11.67 0.0 67.0 167.0 3.34 0.0 3.33 3.33
172.0 0.585 0.045 0.0 0.0 1027.0 6.63 0.9 33.24 0.82
177.0 3.28 1.77 0.0 13.0 227.0 15.69 3.0 8.08 7.07
47.0 0 0.0 0.0 0.0 10.0 0 0.0 11.67 0.0
107.0 1.0 1.67 0.0 10.0 57.0 3.3 0.7 12.67 3.33
502.0 5.89 18.96 0.0 7.0 198.0 15.45 1.1 48.25 4.91
161.0 3.237 1.953 0.0 95.0 355.0 1.49 0.0 0.09 25.4
43.0 0 0.0 0.0 0.0 10.0 0 0.0 11.86 0.0
223.0 4.287 2.183 0.0 37.0 466.0 16.55 0.9 9.05 13.66
467.0 15.732 7.268 0.0 17.0 170.0 8.6 2.0 52.1 8.1
251.0 3.92 8.63 0.0 35.0 424.0 17.22 1.6 1.57 11.76
304.0 16.08 10.71 0.0 85.0 67.0 0 0.0 0.0 15.18
349.0 13.133 3.097 0 58.0 280.0 26.24 1.0 15.9 7.7
180.0 7.886 6.264 0.0 361.0 282.0 0.33 0.0 0.35 11.76
467.0 15.0 11.67 0.0 17.0 533.0 23.3 1.7 28.33 5.0
405.0 0.255 4.115 0.0 0.0 15.0 14.94 0.0 75.84 0.19
325.0 0 0.0 0.0 0.0 25.0 27.5 0.0 50.0 7.5
277.0 9.025 6.404 0.201 137.0 744.0 19.2 1.2 2.57 11.1
139.0 0.0 0.0 0.0 0.0 2333.0 5.55 0.0 27.78 0.0
250.0 10.64 1.933 0.077 27.0 246.0 11.39 1.0 11.47 10.1
158.0 5.27 5.26 0.0 26.0 491.0 3.51 0.0 1.75 8.77
433.0 40.0 6.67 0.0 33.0 900.0 3.34 0.0 3.33 0.0
42.0 0 0.0 0.0 0.0 17.0 0.33 0.0 10.67 0.0
480.0 12.0 8.0 0.0 0.0 360.0 32.0 0.0 32.0 8.0
177.0 2.777 3.402 0.281 16.0 54.0 2.25 0.2 24.37 4.02
47.0 0 0.0 0.0 0.0 77.0 0.35 0.0 10.93 0.47
571.0 33.93 5.36 0.0 0.0 893.0 42.83 3.6 0.0 3.57
177.0 5.894 1.486 0.0 11.0 441.0 12.13 1.4 10.04 5.1
717.0 29.742 51.368 0.0 215.0 643.0 0 0.0 0.06 0.85
190.0 9.0 3.0 0.0 70.0 520.0 4.0 0.0 0.0 18.0
536.0 30.35 5.36 0.0 0.0 1071.0 39.26 3.6 3.57 7.14
500.0 21.43 3.57 0.0 0.0 1000.0 60.69 3.6 3.57 7.14
381.0 2.38 2.38 0.0 0.0 238.0 33.33 0.0 47.62 0.0
304.0 9.42 5.07 0.0 29.0 899.0 21.78 1.4 8.7 11.59
234.0 7.98 5.32 0.53 48.0 564.0 13.79 1.1 0.0 12.77
464.0 5.36 16.07 0.0 18.0 375.0 7.12 3.6 53.57 3.57
321.0 17.86 10.71 0.0 71.0 1411.0 1.79 0.0 0.0 12.5
89.0 0.02 0.0 0.0 0.0 3833.0 1.36 0.1 14.1 5.93
375.0 9.38 8.59 0.0 4.0 211.0 25.76 0.8 22.66 3.12
309.0 9.56 8.09 0.0 2.0 191.0 16.14 1.5 17.65 2.21
261.0 9.055 5.045 0.0 36.0 485.0 16.87 1.4 3.26 11.94
399.0 11.046 4.884 0.0 0.0 332.0 19.35 3.2 37.76 3.63
372.0 10.26 6.41 0.0 38.0 282.0 12.8 1.3 37.18 3.85
500.0 21.43 3.57 0.0 0.0 429.0 64.26 3.6 0.0 7.14
282.0 11.679 2.833 0.128 32.0 434.0 21.32 1.4 3.67 11.26
406.0 9.341 11.659 0.0 67.0 384.0 31.94 2.6 11.26 8.2
542.0 12.5 16.67 0.0 21.0 146.0 12.5 0.0 50.0 4.17
519.0 23.544 3.876 0.0 0.0 691.0 53.12 5.1 2.59 7.36
467.0 15.0 11.67 0.0 17.0 533.0 23.3 1.7 28.33 5.0
217.0 3.31 2.71 0.0 12.0 482.0 25.91 1.8 1.81 10.84
290.0 10.754 2.333 0.083 1.0 618.0 35.6 3.9 0.0 3.31
136.0 4.36 3.53 0.35 28.0 454.0 6.33 0.5 1.88 6.82
268.0 12.5 4.46 0.0 49.0 732.0 13.39 0.9 0.89 13.39
286.0 10.72 10.71 0.0 54.0 679.0 3.57 0.0 0.0 25.0
594.0 40.62 9.38 0.0 0.0 469.0 3.17 6.2 9.38 21.88
259.0 8.24 2.35 0.0 6.0 447.0 30.57 1.2 2.35 7.06
438.0 6.25 14.58 0.0 0.0 375.0 12.48 2.1 43.75 2.08
412.0 1.47 2.94 0.0 0.0 44.0 35.3 0.0 55.88 0.0
430.0 8.967 1.633 0.0 0.0 516.0 49.41 3.4 24.85 6.69
71.0 0.44 0.0 0.0 0.0 377.0 5.89 1.1 8.23 1.46
536.0 30.35 5.36 0.0 0.0 1393.0 42.83 3.6 3.57 7.14
433.0 40.0 6.67 0.0 33.0 900.0 3.34 0.0 3.33 0.0
373.0 2.51 0.99 0.0 0.0 317.0 46.5 0.0 38.7 0.1
142.0 2.66 3.98 0.0 22.0 323.0 8.44 1.3 2.65 7.52
833.0 16.6 82.5 0.0 0.0 0.0 0.84 0.0 0.0 0.0
41.0 0 0.0 0.0 0.0 9.0 0.04 0.0 11.16 0.0
282.0 9.889 5.461 0 23.0 621.0 21.48 2.3 3.34 8.95
902.0 60.8 39.2 0.0 95.0 0.0 0 0.0 0.0 0.0
367.0 0 0.0 0.0 0.0 100.0 20.0 0.0 70.0 0.0
492.0 8.05 13.08 0.0 14.0 61.0 4.71 2.8 63.68 4.33
532.0 30.58 3.4 0.0 0.0 527.0 50.4 3.1 0.33 6.39
333.0 0 0.0 0.0 0.0 5833.0 50.0 0.0 0.0 16.67
478.0 20.65 3.26 0.0 0.0 1065.0 54.33 2.2 2.17 6.52
375.0 10.16 7.03 0.0 39.0 344.0 28.08 1.6 21.88 4.69
571.0 25.0 10.71 0.0 0.0 1214.0 46.43 0.0 7.14 3.57
153.0 8.46 1.84 0 39.0 662.0 0.92 0.8 1.7 11.81
209.0 7.27 4.7 0.0 9.0 299.0 15.79 1.3 2.14 5.98
447.0 10.53 18.42 0.0 13.0 39.0 2.63 7.9 50.0 5.26
518.0 8.037 17.953 0.0 11.0 54.0 14.91 1.0 48.68 6.51
541.0 11.59 18.78 0 53.0 317.0 2.54 1.3 59.89 3.13
496.0 29.21 18.58 0.0 71.0 770.0 0.88 0.0 0.0 13.27
259.0 14.28 8.04 0.0 45.0 58.0 0 0.0 0.0 16.96
200.0 10.0 0.0 0.0 0.0 0.0 0 0.0 26.67 0.0
467.0 36.66 6.67 0.0 0.0 767.0 0 0.0 20.0 3.33
502.0 5.89 18.96 0.0 7.0 198.0 15.45 1.1 48.25 4.91
532.0 30.58 3.4 0.0 0.0 527.0 50.4 3.1 0.33 6.39
50.0 0 0.0 0.0 0.0 10.0 0 0.0 13.75 0.0
325.0 4.54 3.25 0.0 39.0 468.0 16.89 1.3 45.45 2.6
190.0 9.0 3.0 0.0 70.0 520.0 4.0 0.0 0.0 18.0
471.0 10.59 10.59 0.0 12.0 518.0 25.84 2.4 35.29 4.71
372.0 10.26 6.41 0.0 38.0 282.0 12.8 1.3 37.18 3.85
380.0 1.7 0.5 0.0 0.0 142.0 27.3 5.0 56.2 5.7
199.0 4.98 7.31 0.0 37.0 651.0 13.95 0.0 1.0 8.64
400.0 0 11.25 0.0 0.0 312.0 25.0 0.0 47.5 2.5
477.0 12.31 9.23 0.0 15.0 1385.0 43.06 3.1 7.69 13.85
533.0 21.67 8.33 0.0 0.0 900.0 49.97 6.7 0.0 6.67
292.0 13.27 3.54 0.0 35.0 655.0 20.35 0.0 8.85 7.96
148.0 0 0.0 0.0 0.0 0.0 33.1 0.0 0.0 2.82
232.0 7.15 7.14 0.0 80.0 875.0 0 0.0 1.79 25.0
183.0 3.916 2.733 0.151 12.0 451.0 17.57 3.7 2.1 7.03
398.0 7.1 3.4 0.2 0.0 358.0 44.3 1.4 25.9 4.2
407.0 8.766 4.024 0 0.0 493.0 20.41 8.3 47.66 5.34
268.0 11.619 5.491 0.0 45.0 447.0 11.55 1.6 1.41 14.64
202.0 8.33 3.57 0.0 101.0 655.0 1.19 0.0 3.57 16.67
536.0 28.57 3.57 0.0 0.0 929.0 49.97 3.6 3.57 7.14
282.0 8.651 5.419 0.0 130.0 642.0 19.82 0.2 2.97 15.95
461.0 10.59 9.41 0.0 0.0 1573.0 57.65 0.0 4.47 8.12
219.0 4.905 3.124 0.421 15.0 437.0 18.93 2.1 4.98 9.77
471.0 10.59 10.59 0.0 12.0 518.0 25.84 2.4 35.29 4.71
328.0 14.128 8.595 0.177 85.0 589.0 15.97 2.0 3.1 9.29
309.0 9.56 8.09 0.0 2.0 191.0 16.14 1.5 17.65 2.21
384.0 2.535 0.391 0.004 0.0 1240.0 74.78 3.4 2.21 10.04
89.0 0.02 0.0 0.0 0.0 3833.0 1.36 0.1 14.1 5.93
571.0 25.0 10.71 0.0 107.0 2143.0 0 0.0 0.0 50.0
491.0 14.781 9.069 0.0 13.0 239.0 8.74 2.3 50.47 7.53
414.0 2.7 9.0 3.3 0.0 260.0 20.5 1.5 40.0 7.0
714.0 67.86 10.71 0.0 71.0 607.0 0 0.0 0.0 0.0
286.0 10.72 10.71 0.0 54.0 679.0 3.57 0.0 0.0 25.0
178.0 3.129 0.931 0 29.0 313.0 26.19 0.9 0.53 7.86
2.0 0.03 0.0 0.0 0.0 8.0 0.29 0.0 0.0 0.11
393.0 10.71 17.86 0.0 107.0 714.0 3.57 0.0 0.0 25.0
429.0 14.28 21.43 0.0 107.0 679.0 0 0.0 3.57 25.0
884.0 50.7 49.3 0.0 0.0 0.0 0 0.0 0.0 0.0
170.0 3.37 0.8 0.0 6.0 381.0 23.36 1.0 3.85 5.45
253.0 12.03 3.16 0.0 44.0 481.0 16.46 0.0 0.0 11.39
375.0 0 0.0 0.0 0.0 138.0 25.0 0.0 67.5 2.5
152.0 4.04 8.08 0.0 35.0 131.0 1.03 2.0 3.03 5.05
376.0 14.741 10.659 0.0 29.0 875.0 24.03 1.2 1.97 9.62
594.0 40.62 9.38 0.0 0.0 469.0 3.17 6.2 9.38 21.88
414.0 8.62 1.72 0.0 0.0 552.0 41.43 3.4 31.03 6.9
2.0 0.03 0.0 0.0 0.0 8.0 0.29 0.0 0.0 0.11
680.0 63.147 11.703 0 42.0 635.0 0.0 0.0 0.57 0.96
62.0 1.25 2.08 0.0 15.0 54.0 0 0.0 5.0 3.33
156.0 9.23 2.59 0.0 22.0 216.0 1.77 1.4 1.15 7.78
421.0 13.16 7.89 0.0 0.0 193.0 22.82 3.5 33.33 5.26
53.0 0.497 0.073 0.0 0.0 5493.0 3.73 0.8 0.4 8.14
200.0 11.67 5.0 0.0 92.0 1050.0 0 0.0 1.67 11.67
364.0 2.28 2.27 0.0 0.0 1545.0 68.22 4.5 4.55 9.09
500.0 15.91 6.82 0.0 0.0 318.0 36.36 0.0 31.82 4.55
236.0 11.769 3.631 0 0.0 571.0 21.74 2.3 0.27 1.89
189.0 0.0 0.0 0.0 0.0 784.0 8.11 0.0 40.54 0.0
393.0 17.86 10.71 0.0 107.0 1607.0 0 0.0 0.0 28.57
383.0 7.5 5.83 5.0 25.0 450.0 24.97 1.7 23.33 5.0
263.0 0 0.0 0.0 0.0 0.0 21.05 0.0 47.37 0.0
288.0 17.129 7.57 0.101 70.0 739.0 0 0.0 0.93 15.39
318.0 0.1 0.2 0.0 0.0 21.0 23.3 0.3 51.9 3.3
42.0 0 0.0 0.0 0.0 12.0 0.41 0.0 10.42 0.0
155.0 3.87 3.52 0.0 7.0 373.0 13.38 0.7 2.82 2.82
220.0 3.94 4.72 0.0 43.0 520.0 24.4 0.8 1.57 9.45
261.0 3.26 0.0 0.0 0.0 543.0 43.45 2.2 6.52 8.7
380.0 4.135 0.885 0.0 0.0 648.0 39.76 5.0 36.13 7.67
328.0 14.128 8.595 0.177 85.0 589.0 15.97 2.0 3.1 9.29
410.0 14.75 10.85 0.0 48.0 1785.0 0.2 1.8 9.0 33.2
464.0 19.64 1.79 0.0 0.0 411.0 24.97 3.6 39.29 3.57
321.0 0 0.0 0.0 0.0 18.0 10.71 0.0 75.0 0.0
331.0 7.4 10.56 0.35 42.0 261.0 11.27 0.7 23.24 5.63
550.0 10.0 15.0 0.0 0.0 175.0 15.0 0.0 50.0 5.0
375.0 10.16 7.03 0.0 39.0 344.0 28.08 1.6 21.88 4.69
288.0 17.129 7.57 0.101 70.0 739.0 0 0.0 0.93 15.39
42.0 0 0.0 0.0 0.0 12.0 0.41 0.0 10.42 0.0
114.0 0 0.0 0.0 0.0 941.0 5.88 0.0 23.53 0.0
633.0 45.0 5.0 3.33 0.0 567.0 20.04 3.3 3.33 6.67
250.0 8.75 6.18 0 86.0 897.0 0.0 0.0 0.0 27.1
571.0 21.43 10.71 0.0 107.0 2643.0 0 0.0 0.0 57.14